2 bad 0 0 94308940958192
0 Holy 0 0 0
0 Holy 0 0 0
35 0 1624690611 0 0
4 kill 36 0 1624690310
5 heal 34 0 1626112774
6 mage 36 0 1624690319
7 basil 50 0 1625525252
8 jacob 1 0 1625525336
9 james 50 0 1625525359
10 oscar 60 0 1625526699
11 lucas 50 0 1624699128
12 turing 50 0 1624707588
13 pascal 50 0 1624707528
14 newton 50 0 1624707768
15 kelvin 50 0 1624832166
17 jack 60 0 1625153056
18 zack 50 0 1624722353
19 mike 50 0 1624722386
20 kyle 50 0 1624722370
35 mack 60 0 1625525115
55 bard 1 0 1626343253
56 tiller 60 0 1626551610
67 thor 60 0 1629311211
68 loki 60 0 1629310251
69 jarl 60 0 1629309891
70 odin 60 0 1629310311
84 jax 30 0 1629857106
86 bax 38 0 1629857106
87 pax 30 0 1629857106
93 saben 60 0 1646695032
104 thorium 60 0 1631826133
107 bromine 60 0 1631806880
108 lithium 60 0 1631806880
109 krypton 60 0 1631826156
110 topaz 32 0 1636757595
111 edgar 30 0 1636758091
112 cecil 26 0 1636757595
113 shadow 7 0 1631921777
118 kappa 30 0 1634762682
125 nick 60 0 1683151280
132 testee 1 0 1635954578
133 leelo 1 0 1636566851
144 kilik 60 0 1647013216
145 filip 60 0 1646608794
146 raffe 60 0 1646608805
147 paddy 60 0 1646602832
148 bjorn 60 0 1646608766
149 salty 105 0 1715960319
195 wax 100 0 1713405597
175 tick 1 0 1707801676
160 alpha 100 0 1715808504
161 theta 100 0 1714360300
162 sigma 100 0 1713453281
163 delta 100 0 1713453281
164 gamma 100 0 1707560583
171 jick 100 0 1707569588
186 kick 100 0 1716269026
187 fick 100 0 1716269024
188 rick 100 0 1716269023
189 wick 100 0 1716269026
190 bick 100 0 1716269026
191 pick 100 0 1716269024
192 tax 100 0 1714360285
193 max 100 0 1713399655
194 fax 100 0 1713405626
196 pack 100 0 1715913506
197 fack 100 0 1715892926
198 kack 100 0 1715892926
199 rack 100 0 1715892926
200 back 100 0 1715892926
201 wack 100 0 1715892926
202 lavender 100 0 1714869215
204 gardenia 100 0 1714869215
205 marigold 100 0 1714868871
206 camellia 100 0 1714869035
207 bluebell 100 0 1714869035
208 daffodil 100 0 1714868871
209 ace 1 0 1713572588
210 sick 100 0 1713916210
~
